3.735945116499972060e-15 2.749234962463378906e+01 -1.961135101318359375e+01
3.890471454649942207e-15 2.818827438354492188e+01 -2.669751739501953125e+01
3.941327312803090399e-15 2.841730880737304688e+01 -2.681203460693359375e+01
4.055752993647673832e-15 2.893263626098632812e+01 -2.749913787841796875e+01
4.068466958185960880e-15 2.898989486694335938e+01 -2.761365509033203125e+01
4.093894887262534976e-15 2.910441207885742188e+01 -2.772817230224609375e+01
4.132036780877396120e-15 2.927618789672851562e+01 -2.789994812011718750e+01
4.157464709953970217e-15 2.939070510864257812e+01 -2.807172393798828125e+01
4.195606603568831361e-15 2.956248092651367188e+01 -2.824349975585937500e+01
4.246462038205505926e-15 2.979151344299316406e+01 -2.841527557373046875e+01
4.271889967282080022e-15 2.990603065490722656e+01 -2.858705139160156250e+01
4.297317896358654118e-15 3.002054786682128906e+01 -2.887334442138671875e+01
4.322745825435228215e-15 3.013506507873535156e+01 -2.921689414978027344e+01
4.335459789973515263e-15 3.019232368469238281e+01 -2.944592857360839844e+01
4.360887719050089359e-15 3.030684089660644531e+01 -2.978948020935058594e+01
4.373601683588376407e-15 3.036409950256347656e+01 -3.013303184509277344e+01
4.399029612664950503e-15 3.047861671447753906e+01 -3.059110069274902344e+01
4.411743577203237551e-15 3.053587532043457031e+01 -3.104916954040527344e+01
4.411743577203237551e-15 3.053587532043457031e+01 -3.139272117614746094e+01
4.411743577203237551e-15 3.053587532043457031e+01 -3.162175559997558594e+01
4.411743577203237551e-15 3.053587532043457031e+01 -3.190804862976074219e+01
4.411743577203237551e-15 3.053587532043457031e+01 -3.213708114624023438e+01
4.386315648126663455e-15 3.042135810852050781e+01 -3.242337417602539062e+01
4.360887719050089359e-15 3.030684089660644531e+01 -3.270966720581054688e+01
4.335459789973515263e-15 3.019232368469238281e+01 -3.293870162963867188e+01
4.284603931820367070e-15 2.996328926086425781e+01 -3.328225326538085938e+01
4.259176002743792974e-15 2.984877204895019531e+01 -3.345402908325195312e+01
4.233748073667218878e-15 2.973425483703613281e+01 -3.362580490112304688e+01
4.221034109128931830e-15 2.967699623107910156e+01 -3.374032211303710938e+01
4.195606603568831361e-15 2.956248092651367188e+01 -3.385483932495117188e+01
4.170178674492257265e-15 2.944796371459960938e+01 -3.408387374877929688e+01
4.144750745415683169e-15 2.933344650268554688e+01 -3.425564956665039062e+01
4.093894887262534976e-15 2.910441207885742188e+01 -3.454194259643554688e+01
4.043039029109386784e-15 2.887537765502929688e+01 -3.482823562622070312e+01
3.966755241879664495e-15 2.853182601928710938e+01 -3.528630447387695312e+01
3.941327312803090399e-15 2.841730880737304688e+01 -3.557259750366210938e+01
3.915899383726516303e-15 2.830279159545898438e+01 -3.568711471557617188e+01
3.877757490111655159e-15 2.813101577758789062e+01 -3.585889053344726562e+01
3.826901631958506966e-15 2.790198135375976562e+01 -3.614518356323242188e+01
3.788759738343645822e-15 2.773020553588867188e+01 -3.631695938110351562e+01
3.750617844728784678e-15 2.755842971801757812e+01 -3.648873519897460938e+01
3.725189915652210582e-15 2.744391250610351562e+01 -3.666051101684570312e+01
3.674334057499062389e-15 2.721487808227539062e+01 -3.694680404663085938e+01
3.661620092960775341e-15 2.715761947631835938e+01 -3.711857986450195312e+01
3.636192163884201245e-15 2.704310226440429688e+01 -3.729035568237304688e+01
3.610764234807627149e-15 2.692858505249023438e+01 -3.757664871215820312e+01
3.547194623874428722e-15 2.664229202270507812e+01 -3.809197235107421875e+01
3.521766694797854626e-15 2.652777481079101562e+01 -3.843552780151367188e+01
3.496338765721280530e-15 2.641325759887695312e+01 -3.883633422851562500e+01
3.458196872106419385e-15 2.624148178100585938e+01 -3.923714447021484375e+01
3.445482907568132337e-15 2.618422317504882812e+01 -3.940892028808593750e+01
3.432768943029845289e-15 2.612696647644042969e+01 -3.969521331787109375e+01
3.432768943029845289e-15 2.612696647644042969e+01 -3.992424774169921875e+01
3.420054978491558241e-15 2.606970787048339844e+01 -4.021054077148437500e+01
3.420054978491558241e-15 2.606970787048339844e+01 -4.055409240722656250e+01
3.407341013953271193e-15 2.601244926452636719e+01 -4.084038543701171875e+01
3.407341013953271193e-15 2.601244926452636719e+01 -4.118393707275390625e+01
3.407341013953271193e-15 2.601244926452636719e+01 -4.158474731445312500e+01
3.432768943029845289e-15 2.612696647644042969e+01 -4.198555755615234375e+01
3.458196872106419385e-15 2.624148178100585938e+01 -4.232910919189453125e+01
3.483624801182993481e-15 2.635599899291992188e+01 -4.261540222167968750e+01
3.521766694797854626e-15 2.652777481079101562e+01 -4.284443664550781250e+01
3.559908376654478956e-15 2.669955062866210938e+01 -4.307347106933593750e+01
3.610764234807627149e-15 2.692858505249023438e+01 -4.335976409912109375e+01
3.661620092960775341e-15 2.715761947631835938e+01 -4.364605712890625000e+01
3.788759738343645822e-15 2.773020553588867188e+01 -4.387509155273437500e+01
3.839615596496794014e-15 2.795923995971679688e+01 -4.404686737060546875e+01
3.877757490111655159e-15 2.813101577758789062e+01 -4.421864318847656250e+01
3.903185419188229255e-15 2.824553298950195312e+01 -4.444767761230468750e+01
3.979469206417951543e-15 2.858908462524414062e+01 -4.473397064208984375e+01
4.004897135494525640e-15 2.870360183715820312e+01 -4.496300506591796875e+01
4.043039029109386784e-15 2.887537765502929688e+01 -4.507752227783203125e+01
4.132036780877396120e-15 2.927618789672851562e+01 -4.536381530761718750e+01
4.170178674492257265e-15 2.944796371459960938e+01 -4.565010833740234375e+01
4.233748073667218878e-15 2.973425483703613281e+01 -4.593640136718750000e+01
4.322745825435228215e-15 3.013506507873535156e+01 -4.645172882080078125e+01
4.399029612664950503e-15 3.047861671447753906e+01 -4.702431488037109375e+01
4.424457541741524599e-15 3.059313392639160156e+01 -4.753964233398437500e+01
4.500741328971246888e-15 3.093668556213378906e+01 -4.811222839355468750e+01
4.551597187124395080e-15 3.116571998596191406e+01 -4.868481445312500000e+01
4.577025116200969176e-15 3.128023719787597656e+01 -4.902836608886718750e+01
4.577025116200969176e-15 3.128023719787597656e+01 -4.925740051269531250e+01
4.589739080739256225e-15 3.133749580383300781e+01 -4.948643493652343750e+01
4.589739080739256225e-15 3.133749580383300781e+01 -4.977272415161132812e+01
4.589739080739256225e-15 3.133749580383300781e+01 -5.023079299926757812e+01
4.589739080739256225e-15 3.133749580383300781e+01 -5.063160705566406250e+01
4.589739080739256225e-15 3.133749580383300781e+01 -5.108967590332031250e+01
4.577025116200969176e-15 3.128023719787597656e+01 -5.149048233032226562e+01
4.538883222586108032e-15 3.110846138000488281e+01 -5.189129257202148438e+01
4.513455293509533936e-15 3.099394416809082031e+01 -5.223484420776367188e+01
