0.000000000000000000e+00 2.900000000000000000e+01 -5.500000000000000000e+01
-1.373432278633117676e+00 2.919233131408691406e+01 -5.500000000000000000e+01
-1.508254289627075195e+00 2.923290824890136719e+01 -5.500000000000000000e+01
-2.095396757125854492e+00 2.946025085449218750e+01 -5.500000000000000000e+01
-2.444000005722045898e+00 2.963801956176757812e+01 -5.500000000000000000e+01
-2.927888631820678711e+00 2.994691848754882812e+01 -5.500000000000000000e+01
-3.370427131652832031e+00 3.030673217773437500e+01 -5.500000000000000000e+01
-3.730565547943115234e+00 3.067090415954589844e+01 -5.500000000000000000e+01
-4.290071487426757812e+00 3.143187141418457031e+01 -5.500000000000000000e+01
-4.558581829071044922e+00 3.194589996337890625e+01 -5.500000000000000000e+01
-4.685979843139648438e+00 3.225598526000976562e+01 -5.500000000000000000e+01
-4.861422538757324219e+00 3.283099746704101562e+01 -5.500000000000000000e+01
-4.993345737457275391e+00 3.374212646484375000e+01 -5.500000000000000000e+01
-4.995702266693115234e+00 3.420726776123046875e+01 -5.500000000000000000e+01
-4.958182811737060547e+00 3.464530563354492188e+01 -5.500000000000000000e+01
-4.880967617034912109e+00 3.508450698852539062e+01 -5.500000000000000000e+01
-4.679919242858886719e+00 3.576021575927734375e+01 -5.500000000000000000e+01
-4.544854164123535156e+00 3.608429718017578125e+01 -5.500000000000000000e+01
-4.367236137390136719e+00 3.643459320068359375e+01 -5.500000000000000000e+01
-4.267768383026123047e+00 3.660502624511718750e+01 -5.500000000000000000e+01
-4.144433021545410156e+00 3.679708480834960938e+01 -5.500000000000000000e+01
-3.904242038726806641e+00 3.712360382080078125e+01 -5.500000000000000000e+01
-3.588134288787841797e+00 3.748213958740234375e+01 -5.500000000000000000e+01
-3.269084692001342773e+00 3.778326416015625000e+01 -5.500000000000000000e+01
-3.053822517395019531e+00 3.795906066894531250e+01 -5.500000000000000000e+01
-2.494804382324218750e+00 3.833312225341796875e+01 -5.500000000000000000e+01
-2.251295566558837891e+00 3.846448898315429688e+01 -5.500000000000000000e+01
-2.024716377258300781e+00 3.857170867919921875e+01 -5.500000000000000000e+01
-1.795453906059265137e+00 3.866651153564453125e+01 -5.500000000000000000e+01
-1.194104790687561035e+00 3.885531616210937500e+01 -5.500000000000000000e+01
-6.030583381652832031e-01 3.896349716186523438e+01 -5.500000000000000000e+01
-3.785648941993713379e-02 3.899985504150390625e+01 -5.500000000000000000e+01
4.078149199485778809e-01 3.898334121704101562e+01 -5.500000000000000000e+01
6.089000105857849121e-01 3.896278381347656250e+01 -5.500000000000000000e+01
1.006757140159606934e+00 3.889759445190429688e+01 -5.500000000000000000e+01
1.275156497955322266e+00 3.883466339111328125e+01 -5.500000000000000000e+01
1.538501977920532227e+00 3.875741577148437500e+01 -5.500000000000000000e+01
1.648706912994384766e+00 3.872035598754882812e+01 -5.500000000000000000e+01
1.898572206497192383e+00 3.862551879882812500e+01 -5.500000000000000000e+01
2.070116043090820312e+00 3.855133056640625000e+01 -5.500000000000000000e+01
2.447671175003051758e+00 3.835992050170898438e+01 -5.500000000000000000e+01
2.727917194366455078e+00 3.819028091430664062e+01 -5.500000000000000000e+01
3.100777149200439453e+00 3.792239379882812500e+01 -5.500000000000000000e+01
3.187687158584594727e+00 3.785209655761718750e+01 -5.500000000000000000e+01
3.249069690704345703e+00 3.780046844482421875e+01 -5.500000000000000000e+01
3.383455276489257812e+00 3.768133544921875000e+01 -5.500000000000000000e+01
3.640103101730346680e+00 3.742777633666992188e+01 -5.500000000000000000e+01
3.776626825332641602e+00 3.727674865722656250e+01 -5.500000000000000000e+01
4.002485752105712891e+00 3.699668121337890625e+01 -5.500000000000000000e+01
4.092182636260986328e+00 3.687298583984375000e+01 -5.500000000000000000e+01
4.164572238922119141e+00 3.676700973510742188e+01 -5.500000000000000000e+01
4.232864379882812500e+00 3.666136550903320312e+01 -5.500000000000000000e+01
4.311653614044189453e+00 3.653172683715820312e+01 -5.500000000000000000e+01
4.399617195129394531e+00 3.637557601928710938e+01 -5.500000000000000000e+01
4.595024108886718750e+00 3.597123336791992188e+01 -5.500000000000000000e+01
4.702271938323974609e+00 3.569960021972656250e+01 -5.500000000000000000e+01
4.754886627197265625e+00 3.554630279541015625e+01 -5.500000000000000000e+01
4.769685745239257812e+00 3.550003051757812500e+01 -5.500000000000000000e+01
4.854483127593994141e+00 3.519749450683593750e+01 -5.500000000000000000e+01
4.937957286834716797e+00 3.478522491455078125e+01 -5.500000000000000000e+01
4.958363056182861328e+00 3.464392089843750000e+01 -5.500000000000000000e+01
4.974968433380126953e+00 3.449968719482421875e+01 -5.500000000000000000e+01
4.998525619506835938e+00 3.412142562866210938e+01 -5.500000000000000000e+01
4.996696472167968750e+00 3.381828308105468750e+01 -5.500000000000000000e+01
4.986046314239501953e+00 3.362671279907226562e+01 -5.500000000000000000e+01
4.972145080566406250e+00 3.347296142578125000e+01 -5.500000000000000000e+01
4.942337036132812500e+00 3.324283218383789062e+01 -5.500000000000000000e+01
4.889977455139160156e+00 3.295687103271484375e+01 -5.500000000000000000e+01
4.860105991363525391e+00 3.282553482055664062e+01 -5.500000000000000000e+01
4.669997692108154297e+00 3.221363067626953125e+01 -5.500000000000000000e+01
4.576212882995605469e+00 3.198548507690429688e+01 -5.500000000000000000e+01
4.429653167724609375e+00 3.168091011047363281e+01 -5.500000000000000000e+01
4.105140209197998047e+00 3.114556121826171875e+01 -5.500000000000000000e+01
3.783275127410888672e+00 3.073092842102050781e+01 -5.500000000000000000e+01
3.239636182785034180e+00 3.019148826599121094e+01 -5.500000000000000000e+01
2.474117994308471680e+00 2.965503311157226562e+01 -5.500000000000000000e+01
2.156843900680541992e+00 2.948912048339843750e+01 -5.500000000000000000e+01
1.570071458816528320e+00 2.925290870666503906e+01 -5.500000000000000000e+01
1.527914285659790039e+00 2.923917198181152344e+01 -5.500000000000000000e+01
1.053892016410827637e+00 2.911233139038085938e+01 -5.500000000000000000e+01
9.455113410949707031e-01 2.909021377563476562e+01 -5.500000000000000000e+01
5.271931886672973633e-01 2.902787017822265625e+01 -5.500000000000000000e+01
3.720670938491821289e-01 2.901386260986328125e+01 -5.500000000000000000e+01
2.555320858955383301e-01 2.900653457641601562e+01 -5.500000000000000000e+01
4.009116441011428833e-02 2.900016021728515625e+01 -5.500000000000000000e+01
-6.087478622794151306e-02 2.900037002563476562e+01 -5.500000000000000000e+01
-6.751896440982818604e-02 2.900045585632324219e+01 -5.500000000000000000e+01
0.000000000000000000e+00 2.900000000000000000e+01 -5.500000000000000000e+01
-1.221319398609921336e-04 2.900030326843261719e+01 -5.499290084838867188e+01
-3.908227081410586834e-04 2.900243186950683594e+01 -5.494319915771484375e+01
-6.595134618692100048e-04 2.900820732116699219e+01 -5.478860092163085938e+01
-7.816454162821173668e-04 2.901945304870605469e+01 -5.455944442749023438e+01
-7.816454162821173668e-04 2.906048393249511719e+01 -5.422468185424804688e+01
-7.816454162821173668e-04 2.917506217956542969e+01 -5.368854141235351562e+01
-7.816454162821173668e-04 2.935508537292480469e+01 -5.314940261840820312e+01
-7.816454162821173668e-04 2.980292129516601562e+01 -5.228256225585937500e+01
-7.816454162821173668e-04 3.021203231811523438e+01 -5.173637390136718750e+01
-7.816454162821173668e-04 3.059590911865234375e+01 -5.133774566650390625e+01
-7.816454162821173668e-04 3.133576583862304688e+01 -5.076894760131835938e+01
-7.816454162821173668e-04 3.290040588378906250e+01 -5.012241363525390625e+01
-7.816454162821173668e-04 3.408305740356445312e+01 -5.000069427490234375e+01
-7.816454162821173668e-04 3.514783096313476562e+01 -5.013354110717773438e+01
-7.816454162821173668e-04 3.586664581298828125e+01 -5.036151123046875000e+01
-7.816454162821173668e-04 3.639128494262695312e+01 -5.060890579223632812e+01
-7.816454162821173668e-04 3.686492919921875000e+01 -5.090217971801757812e+01
-7.816454162821173668e-04 3.735789489746093750e+01 -5.129534530639648438e+01
-7.816454162821173668e-04 3.805335235595703125e+01 -5.207249450683593750e+01
-7.816454162821173668e-04 3.818530654907226562e+01 -5.226446533203125000e+01
-7.816454162821173668e-04 3.833011627197265625e+01 -5.249999618530273438e+01
-7.816454162821173668e-04 3.850033187866210938e+01 -5.282124710083007812e+01
-7.816454162821173668e-04 3.869282531738281250e+01 -5.327449798583984375e+01
-7.816454162821173668e-04 3.883915710449218750e+01 -5.374202346801757812e+01
-7.816454162821173668e-04 3.890327835083007812e+01 -5.402132415771484375e+01
-7.816454162821173668e-04 3.895329284667968750e+01 -5.431821060180664062e+01
-7.816453580744564533e-04 3.899541854858398438e+01 -5.478615951538085938e+01
-7.816454162821173668e-04 3.899918365478515625e+01 -5.508991241455078125e+01
-7.816453580744564533e-04 3.898263549804687500e+01 -5.541626358032226562e+01
-7.816454162821173668e-04 3.896274948120117188e+01 -5.560915756225585938e+01
-7.816454162821173668e-04 3.894976425170898438e+01 -5.570695114135742188e+01
-7.816454162821173668e-04 3.892554092407226562e+01 -5.585963821411132812e+01
-7.816454162821173668e-04 3.885944747924804688e+01 -5.617715835571289062e+01
-7.816454162821173668e-04 3.873524856567382812e+01 -5.660541534423828125e+01
-7.816454162821173668e-04 3.848975753784179688e+01 -5.720045471191406250e+01
-7.816454162821173668e-04 3.840654373168945312e+01 -5.736268997192382812e+01
-7.816454162821173668e-04 3.833783721923828125e+01 -5.748658752441406250e+01
-7.816454162821173668e-04 3.820190811157226562e+01 -5.770996475219726562e+01
-7.816454162821173668e-04 3.796528625488281250e+01 -5.804572296142578125e+01
-7.816453580744564533e-04 3.780632781982421875e+01 -5.824219131469726562e+01
-7.816454162821173668e-04 3.755850601196289062e+01 -5.851240539550781250e+01
-7.816454162821173668e-04 3.734672546386718750e+01 -5.871475219726562500e+01
-7.816454162821173668e-04 3.708170700073242188e+01 -5.893738937377929688e+01
-7.816453580744564533e-04 3.695868301391601562e+01 -5.903064727783203125e+01
-7.816453580744564533e-04 3.671305847167968750e+01 -5.919991302490234375e+01
-7.816454162821173668e-04 3.644548416137695312e+01 -5.936114120483398438e+01
-7.816454162821173668e-04 3.596986389160156250e+01 -5.959560394287109375e+01
-7.816454162821173668e-04 3.572467422485351562e+01 -5.969312667846679688e+01
-7.816454162821173668e-04 3.545600128173828125e+01 -5.978330612182617188e+01
-7.816454162821173668e-04 3.510605621337890625e+01 -5.987612152099609375e+01
-7.816453580744564533e-04 3.497685623168945312e+01 -5.990364074707031250e+01
-7.816454162821173668e-04 3.463370132446289062e+01 -5.995967483520507812e+01
-7.816454162821173668e-04 3.444276428222656250e+01 -5.998035049438476562e+01
-7.816453580744564533e-04 3.413501358032226562e+01 -5.999816894531250000e+01
-7.816454162821173668e-04 3.386731338500976562e+01 -5.999823379516601562e+01
-7.816454162821173668e-04 3.341006088256835938e+01 -5.996506881713867188e+01
-7.816454162821173668e-04 3.324784851074218750e+01 -5.994309616088867188e+01
-7.816454162821173668e-04 3.309140777587890625e+01 -5.991674804687500000e+01
-7.816454162821173668e-04 3.284806060791015625e+01 -5.986548995971679688e+01
-7.816454162821173668e-04 3.271484756469726562e+01 -5.983200836181640625e+01
-7.816454162821173668e-04 3.257021713256835938e+01 -5.979120635986328125e+01
-7.816454162821173668e-04 3.238178253173828125e+01 -5.973088836669921875e+01
-7.816454162821173668e-04 3.205632400512695312e+01 -5.960674285888671875e+01
-7.816454162821173668e-04 3.174165725708007812e+01 -5.946092224121093750e+01
-7.816454162821173668e-04 3.162128257751464844e+01 -5.939791488647460938e+01
-7.816454162821173668e-04 3.146340942382812500e+01 -5.930878829956054688e+01
-7.816454162821173668e-04 3.124866867065429688e+01 -5.917493820190429688e+01
-7.816454162821173668e-04 3.102944374084472656e+01 -5.902190780639648438e+01
-7.816454162821173668e-04 3.073761749267578125e+01 -5.878903579711914062e+01
-7.816454162821173668e-04 3.046056938171386719e+01 -5.853162384033203125e+01
-7.816454162821173668e-04 3.035303497314453125e+01 -5.842046356201171875e+01
-7.816454162821173668e-04 2.992067337036132812e+01 -5.789119720458984375e+01
-7.816454162821173668e-04 2.965099334716796875e+01 -5.746699523925781250e+01
-7.816454162821173668e-04 2.953684806823730469e+01 -5.725393295288085938e+01
-7.816454162821173668e-04 2.951689147949218750e+01 -5.721397399902343750e+01
-7.816454162821173668e-04 2.943758773803710938e+01 -5.704556274414062500e+01
-7.816454162821173668e-04 2.937096023559570312e+01 -5.688995742797851562e+01
-7.816454162821173668e-04 2.927034378051757812e+01 -5.662181472778320312e+01
-7.816454162821173668e-04 2.921306228637695312e+01 -5.644401550292968750e+01
-7.816454162821173668e-04 2.912913322448730469e+01 -5.612898254394531250e+01
-7.816454162821173668e-04 2.908229064941406250e+01 -5.590336608886718750e+01
-7.816454162821173668e-04 2.904316329956054688e+01 -5.565551757812500000e+01
-7.816454162821173668e-04 2.903224945068359375e+01 -5.556692504882812500e+01
-7.816454162821173668e-04 2.902973747253417969e+01 -5.554444885253906250e+01
-7.816454162821173668e-04 2.902732658386230469e+01 -5.552198028564453125e+01
-7.816454162821173668e-04 2.902973747253417969e+01 -5.554444885253906250e+01
-6.325074285268783569e-02 2.900041770935058594e+01 -5.500000000000000000e+01
0.000000000000000000e+00 2.900041770935058594e+01 -5.500000000000000000e+01
